Episode;Rewards
0;99.72
1;99.12
2;99.84
3;99.84
4;99.72
5;99.8
6;98.8
7;95.52
8;98.6
9;99.68
10;96.6
11;99.56
12;99.76
13;98.04
14;99.8
15;99.28
16;99.88
17;98.96
18;99.24
19;99.8
20;98.8
21;99.72
22;99.68
23;99.76
24;99.8
25;98.2
26;97.28
27;98.8
28;99.44
29;99.6
30;99.88
31;99.76
32;98.2
33;99.76
34;99.32
35;99.44
36;99.44
37;99.4
38;99.68
39;98.92
40;99.68
41;99.64
42;98.12
43;99.8
44;99.76
45;-100.44
46;98.56
47;99.68
48;98.68
49;97.88
50;99.84
51;99.72
52;99.2
53;99.76
54;99.64
55;99.36
56;98.6
57;99.76
58;99.56
59;99.72
60;99.12
61;99.8
62;98.48
63;97.48
64;99.64
65;99.44
66;99.16
67;99.28
68;99.52
69;99.56
70;99.84
71;99.88
72;99.72
73;98.6
74;99.88
75;99.72
76;99.88
77;99.68
78;99.68
79;99.68
80;99.04
81;99.48
82;99.56
83;99.72
84;99.84
85;99.84
86;99.88
87;98.08
88;98.76
89;96.96
90;99.4
91;99.68
92;99.68
93;99.12
94;99.24
95;99.84
96;98.88
97;99.84
98;99.8
99;99.24
100;99.64
101;99.48
102;99.76
103;99.76
104;99.84
105;99.4
106;99.68
107;98.64
108;99.36
109;97.4
110;99.68
111;99.84
112;99.68
113;99.4
114;99.52
115;99.24
116;99.36
117;99.64
118;99.6
119;-100.48
120;99.72
121;99.56
122;99.24
123;99.88
124;99.36
125;98.52
126;99.6
127;99.2
128;97.52
129;98.92
130;99.68
131;99.72
132;99.64
133;99.04
134;99.28
135;99.8
136;99.12
137;99.88
138;99.32
139;99.12
140;99.32
141;99.32
142;98
143;99.08
144;99.48
145;98.36
146;99.52
147;98.6
148;99.44
149;99.68
150;99.32
151;99.28
152;99.36
153;98.36
154;98.32
155;99.8
156;99.84
157;98.64
158;98.96
159;99.2
160;99.4
161;99.68
162;99.32
163;97
164;99.8
165;98.84
166;99
167;99.16
168;99.64
169;99.88
170;99.12
171;99.2
172;99.44
173;99.52
174;99.28
175;99.8
176;99.76
177;99.84
178;97.28
179;99.16
180;99.72
181;98.44
182;99.76
183;99.56
184;99.72
185;99.44
186;99.4
187;99.8
188;99.72
189;99.04
190;99.44
191;99.84
192;99.68
193;99.04
194;96.96
195;98.84
196;99.48
197;99.52
198;99.72
199;99.44
200;99.68
201;99.4
202;97.36
203;99.8
204;99.24
205;98.84
206;99.52
207;98.6
208;99.16
209;98.76
210;99.2
211;98.76
212;98.72
213;99.6
214;99.84
215;99.8
216;99.88
217;99.88
218;98.84
219;99.28
220;98.48
221;99.36
222;99.32
223;99.28
224;99.72
225;98.72
226;99.24
227;95.6
228;98.92
229;99.04
230;99.12
231;99.76
232;98.76
233;99.36
234;98.84
235;99.68
236;99.64
237;99.8
238;98.08
239;99
240;97.52
241;99.24
242;99.32
243;97.84
244;99.08
245;99.72
246;99.36
247;98.88
248;99.6
249;99.6
250;98.76
251;99.84
252;99.64
253;99
254;99.76
255;98.28
256;99.64
257;99.44
258;99.56
259;98.96
260;99.68
261;99.84
262;-100.92
263;99.36
264;99.68
265;99.04
266;99
267;99.8
268;98.6
269;96.8
270;99.84
271;98.2
272;99.64
273;98.48
274;99.16
275;99.84
276;99.8
277;99.64
278;99.12
279;99.84
280;97.88
281;99.08
282;98.88
283;99.24
284;99.84
285;99.68
286;99.56
287;98.68
288;98.88
289;99.76
290;99.76
291;99.08
292;99.56
293;98.88
294;99.84
295;99.48
296;99.8
297;98.72
298;99.36
299;99.6
300;99.56
301;98.76
302;98.64
303;99.4
304;99.36
305;98.32
306;99.36
307;99.36
308;98.28
309;99.88
310;99.48
311;99.04
312;99.72
313;99.72
314;99.6
315;99.6
316;99.84
317;96.92
318;97.96
319;98.56
320;99.56
321;99.8
322;99.32
323;98.6
324;98.92
325;98.16
326;98.96
327;99.76
328;99.52
329;97.8
330;99.32
331;96.44
332;99.84
333;99.08
334;99.68
335;99.52
336;99.64
337;99.68
338;98.52
339;99.32
340;99.36
341;99.68
342;99.8
343;99.72
344;99.6
345;98.76
346;98.56
347;99.04
348;99.72
349;99.72
350;98.56
351;99.4
352;99.36
353;99.32
354;99.6
355;99.8
356;97.48
357;99.84
358;98.52
359;99.48
360;96.92
361;99.88
362;98.68
363;98.08
364;-100.6
365;98.56
366;98.48
367;99.52
368;99.56
369;98.76
370;99.8
371;99.88
372;99.64
373;98.64
374;99.32
375;99.84
376;98.64
377;98.44
378;99.36
379;99.88
380;99.68
381;99.84
382;99.56
383;98.88
384;99.36
385;98.84
386;99.48
387;99.6
388;99.6
389;99.64
390;97.24
391;99.88
392;99.32
393;98.4
394;99.64
395;99.8
396;97.96
397;99.48
398;99.48
399;99.88
400;99.88
401;99.48
402;98.76
403;99.28
404;98.36
405;99.12
406;99.32
407;99.8
408;99.8
409;99.4
410;98.88
411;98.36
412;99.88
413;99.6
414;99.68
415;98.52
416;99.52
417;99.6
418;99.64
419;99.32
420;98.64
421;98.88
422;99.72
423;99.56
424;99.88
425;99.72
426;99.28
427;99
428;99.88
429;99.8
430;99.8
431;97.92
432;99.52
433;99.6
434;99.52
435;99.44
436;99.08
437;99.88
438;98.04
439;99.72
440;95.44
441;99.08
442;98.76
443;99.68
444;97.56
445;98.88
446;99.6
447;98
448;99.76
449;99.32
450;98.24
451;98.96
452;98.64
453;99.8
454;97.64
455;99.44
456;99.68
457;99.84
458;99.56
459;99.84
460;99.4
461;99.44
462;98.56
463;99.48
464;99.44
465;99.44
466;99.6
467;98.8
468;99
469;99.32
470;98.8
471;99.72
472;99.12
473;99.68
474;99.88
475;98.8
476;99.16
477;99.68
478;99.72
479;99.84
480;99.28
481;99.2
482;98.76
483;98.84
484;98.84
485;99.2
486;98.44
487;99.8
488;99.4
489;99.72
490;99.56
491;99.68
492;99.68
493;99.6
494;98.92
495;99.64
496;99.68
497;99.6
498;99.72
499;99.84
500;99.6
501;98.2
502;98.44
503;98.6
504;99.88
505;99.52
506;97.64
507;97.8
508;99.44
509;99.04
510;99.84
511;99.64
512;99.6
513;99.68
514;96.92
515;99.72
516;99.8
517;99.68
518;99.8
519;98.44
520;98.24
521;99.72
522;98.28
523;99.84
524;99.72
525;99.84
526;99.52
527;98.64
528;97.56
529;99.36
530;99.28
531;99.64
532;99.56
533;99.88
534;99.64
535;99.8
536;98.6
537;97.28
538;98.48
539;98.56
540;99.36
541;99.36
542;99.76
543;98.04
544;99.84
545;99.72
546;99.8
547;99.8
548;98.8
549;99.44
550;99.52
551;99.56
552;99.44
553;99.8
554;98.96
555;99.32
556;99.6
557;99.76
558;99.44
559;99.84
560;99
561;98.84
562;99.84
563;99.08
564;98.2
565;99.8
566;99.88
567;98.76
568;99.16
569;99.88
570;99.68
571;99.76
572;99.12
573;98.8
574;99.8
575;99.88
576;99.08
577;99.24
578;99.8
579;99.12
580;96.52
581;99.72
582;99.36
583;98.36
584;99.72
585;99.68
586;99.32
587;99.8
588;98.72
589;98.8
590;99.88
591;99.88
592;99.44
593;99.76
594;98.72
595;99.56
596;97.8
597;99.76
598;99.4
599;99.76
600;99.72
601;99.56
602;98.56
603;98.08
604;99.6
605;99.16
606;99.84
607;99.64
608;99.72
609;98.76
610;98.8
611;98.6
612;98.56
613;99
614;99.44
615;99.68
616;98.88
617;98.24
618;99.76
619;97.4
620;99.6
621;-100.44
622;99.8
623;99.6
624;98.68
625;98.16
626;99.08
627;99.8
628;99.68
629;99.68
630;99.6
631;99.52
632;99.88
633;99.88
634;99.68
635;99.36
636;99.8
637;98.96
638;98.04
639;99.76
640;99.68
641;99.68
642;97.52
643;99.84
644;99.64
645;99.48
646;99.76
647;97.92
648;96.84
649;98.6
650;99.52
651;99.88
652;98.6
653;99.8
654;99.88
655;99.64
656;99.72
657;99.04
658;99.08
659;97.32
660;99.52
661;99.88
662;99.76
663;99.64
664;99.76
665;98.88
666;99.8
667;99.6
668;99.08
669;98.16
670;99.36
671;99.8
672;99.32
673;98.48
674;98.16
675;99.6
676;99.52
677;99.64
678;98.72
679;99.76
680;99.28
681;99.84
682;99.16
683;99.4
684;99.76
685;99.8
686;99.64
687;97.96
688;98.64
689;99.28
690;98.68
691;99
692;99.52
693;98.8
694;99
695;99.76
696;99.8
697;99.52
698;98.36
699;99.72
700;99.76
701;99.72
702;96.8
703;99.72
704;97.08
705;98.96
706;-100.56
707;98.28
708;99.44
709;99.84
710;99.72
711;98.52
712;99.48
713;99.8
714;99.64
715;99.44
716;97.24
717;99.72
718;98.8
719;99.52
720;98.72
721;99.6
722;99.32
723;97.24
724;99.64
725;99
726;98.64
727;99.24
728;98.2
729;99.44
730;98.96
731;98.96
732;99.72
733;97.08
734;98.56
735;99.88
736;99.52
737;98.56
738;99.68
739;99.84
740;99.44
741;99.88
742;99.72
743;98.92
744;99.72
745;99.72
746;99.68
747;99.8
748;98.16
749;99.4
750;99.8
751;99.48
752;98.8
753;99.4
754;-100.36
755;99.08
756;99.56
757;99.84
758;98.68
759;99.36
760;99.88
761;99.72
762;99.88
763;99.8
764;99.84
765;99.48
766;99.68
767;99.36
768;99.8
769;99.48
770;98.52
771;99.32
772;99.4
773;99.4
774;99.48
775;98.52
776;99.12
777;99
778;98.72
779;98.44
780;99.88
781;99
782;99.72
783;99
784;98.2
785;99.68
786;99.64
787;99.28
788;99.76
789;99.48
790;99.6
791;99.84
792;98.08
793;98.88
794;99.72
795;99.2
796;98.96
797;98.64
798;99.2
799;99.84
800;98.16
801;99.68
802;99.68
803;99.4
804;99.76
805;99.48
806;99.4
807;99.8
808;96.92
809;99.36
810;99
811;96.48
812;99.8
813;99.48
814;99.68
815;98.92
816;99.04
817;99.84
818;98.84
819;99.68
820;97.56
821;99.4
822;99.44
823;98.72
824;99.68
825;99.64
826;99.56
827;99.76
828;99.6
829;99.88
830;99.8
831;99.84
832;97.68
833;99.84
834;99.6
835;98.04
836;97.44
837;99.56
838;98.96
839;98.04
840;99.24
841;98.92
842;99.76
843;99.84
844;99.88
845;99.4
846;99.8
847;99.64
848;99.28
849;99.48
850;99.76
851;99.84
852;99
853;98.88
854;99.64
855;98.8
856;99.84
857;99.88
858;99.64
859;99.24
860;99.44
861;99.76
862;99.2
863;99.88
864;97.88
865;98.52
866;97
867;99.72
868;97.76
869;99.84
870;98.48
871;99.36
872;99.48
873;98.32
874;99.16
875;99.72
876;99.2
877;99.04
878;99.2
879;99.84
880;99.8
881;99.76
882;99.12
883;99.24
884;99.08
885;99.84
886;99.4
887;98
888;98.68
889;99.72
890;99.72
891;99.84
892;99.88
893;99
894;98.88
895;98.08
896;99.44
897;99.8
898;97.92
899;99.76
900;99.68
901;99.52
902;99.88
903;99.36
904;99.24
905;98.4
906;99.52
907;99.68
908;99.8
909;99.48
910;99.88
911;97.8
912;99.84
913;99.2
914;99.84
915;99.76
916;99.68
917;99.56
918;99.2
919;98.56
920;99.8
921;98.6
922;99.68
923;98.12
924;97.64
925;99.8
926;99.4
927;99.88
928;99.64
929;98.96
930;-102
931;99.68
932;99.36
933;99.56
934;99.12
935;99.84
936;99.48
937;99.68
938;98.76
939;99.2
940;99.88
941;99.76
942;99.84
943;99.8
944;99.48
945;99.12
946;99.36
947;99.84
948;98.48
949;99.52
950;99.6
951;98.32
952;99.04
953;99.84
954;99.32
955;99.8
956;99.16
957;99.44
958;99.48
959;98.56
960;99.52
961;99.44
962;99.28
963;99.4
964;99.2
965;98.4
966;99.6
967;96.32
968;99.88
969;99.64
970;99.6
971;99.8
972;99.8
973;99.04
974;99.52
975;98.8
976;99.72
977;99.64
978;98.6
979;99.4
980;99.36
981;98.84
982;98.68
983;99.76
984;99.28
985;99.68
986;98.08
987;99.72
988;98.72
989;99.72
990;99.44
991;98.64
992;99.4
993;99.88
994;98.8
995;99
996;99.76
997;99.44
998;99.8
999;99.2
1000;97.64
1001;98.52
1002;98.44
1003;99.44
1004;99.16
1005;98.92
1006;98.52
1007;-100.88
1008;99.12
1009;99.88
1010;99.16
1011;99.72
1012;99.68
1013;99.56
1014;99.16
1015;99.68
1016;99.88
1017;99.44
1018;98.88
1019;99.56
1020;99.2
1021;98.44
1022;98.68
1023;99.68
1024;96.28
1025;99.68
1026;99.68
1027;98.72
1028;98.08
1029;99.44
1030;99.2
1031;99.8
1032;99.68
1033;99.72
1034;99.6
1035;99.88
1036;99.6
1037;98.28
1038;99.72
1039;99.68
1040;99.88
1041;99.52
1042;99.56
1043;99.56
1044;98.8
1045;95.36
1046;98.92
1047;96.64
1048;99.84
1049;99.48
1050;99.48
1051;99.36
1052;98.96
1053;98.56
1054;99.48
1055;99.28
1056;98.64
1057;99.68
1058;98
1059;99.84
1060;99.08
1061;99.8
1062;-100.36
1063;99.6
1064;99.32
1065;94.48
1066;99.76
1067;99.88
1068;99.76
1069;99.24
1070;98.64
1071;99.4
1072;99.24
1073;99.12
1074;99.52
1075;99.48
1076;98.36
1077;99.4
1078;99.44
1079;99.6
1080;99.8
1081;99.84
1082;98.96
1083;99.48
1084;98.16
1085;99.52
1086;99.04
1087;98.64
1088;98.88
1089;99.2
1090;99.88
1091;99.24
1092;99.32
1093;98.24
1094;97.6
1095;99.6
1096;98.52
1097;98.68
1098;98.36
1099;99.4
1100;99.8
1101;98.96
1102;99.28
1103;99.52
1104;99.84
1105;99.84
1106;99.84
1107;98.36
1108;99.64
1109;99.24
1110;99.88
1111;99.36
1112;99.32
1113;99.24
1114;99.8
1115;99.68
1116;99.84
1117;99.88
1118;99.8
1119;99.84
1120;99.84
1121;99
1122;98.4
1123;98.8
1124;99.44
1125;99.32
1126;99.8
1127;99.36
1128;99.84
1129;99.84
1130;99.4
1131;99.64
1132;99.8
1133;97.96
1134;99.8
1135;99.4
1136;99.64
1137;99.04
1138;97.88
1139;99.64
1140;98.04
1141;99.84
1142;97.88
1143;98.04
1144;99.88
1145;99.4
1146;-100.76
1147;99.88
1148;98.96
1149;99.72
1150;98.6
1151;99.76
1152;99.04
1153;99.72
1154;99.88
1155;99.72
1156;99.36
1157;99.72
1158;99.32
1159;99.6
1160;99.76
1161;99.84
1162;99.8
1163;98.96
1164;99.08
1165;99.88
1166;99.36
1167;98.96
1168;98.32
1169;99.76
1170;98.68
1171;99.84
1172;99.16
1173;98.2
1174;99.4
1175;99.84
1176;99.4
1177;99.84
1178;99.24
1179;99.84
1180;99.64
1181;99.84
1182;99.04
1183;99.32
1184;97.52
1185;99.8
1186;99.88
1187;99.2
1188;99.44
1189;99.6
1190;99.24
1191;99.76
1192;99.72
1193;99.48
1194;99.04
1195;99.88
1196;99.84
1197;99.52
1198;99.88
1199;99.36
1200;99.56
1201;99.52
1202;99.72
1203;99.52
1204;99.6
1205;99.72
1206;99.72
1207;99.68
1208;99.48
1209;97.16
1210;99.76
1211;99.52
1212;99.36
1213;98.28
1214;99.12
1215;99.6
1216;99.84
1217;99.4
1218;99.24
1219;99.64
1220;99.36
1221;98.96
1222;98.64
1223;99.8
1224;97.64
1225;99.68
1226;99.36
1227;99.88
1228;99.8
1229;98.44
1230;99.88
1231;99.32
1232;99.8
1233;99.56
1234;99.8
1235;99.4
1236;99.56
1237;99.12
1238;98.36
1239;99.6
1240;98.32
1241;99.72
1242;99.88
1243;99.2
1244;98.52
1245;99.4
1246;99.32
1247;99.76
1248;99.56
1249;99.6
1250;99.04
1251;99.68
1252;99.32
1253;99.6
1254;99.24
1255;99.84
1256;99.64
1257;99.52
1258;97.8
1259;99.08
1260;99.88
1261;99.88
1262;99.56
1263;99.72
1264;98.84
1265;99.64
1266;99.8
1267;98.12
1268;99.56
1269;99.12
1270;99.16
1271;99.4
1272;99.88
1273;98.96
1274;97.6
1275;96.48
1276;99.72
1277;98.68
1278;98.32
1279;99.12
1280;99.12
1281;99.6
1282;99.6
1283;99.84
1284;99.88
1285;98.56
1286;99.44
1287;99.24
1288;99.6
1289;99.84
1290;99.68
1291;99.64
1292;99.52
1293;99.2
1294;99
1295;98.52
1296;99.6
1297;99.48
1298;98.48
1299;99.56
1300;99.76
1301;99.8
1302;99.72
1303;99.44
1304;99.68
1305;99.8
1306;99.68
1307;99.12
1308;98.36
1309;99.76
1310;99.4
1311;98.04
1312;99.8
1313;98.96
1314;99.56
1315;98.52
1316;99.16
1317;99.6
1318;99.8
1319;99.52
1320;95.6
1321;99.68
1322;99.8
1323;99.56
1324;-101.04
1325;99.48
1326;97.2
1327;98.76
1328;99.16
1329;98.48
1330;98.56
1331;99.64
1332;99.24
1333;99.84
1334;98.76
1335;98.76
1336;98.48
1337;99.72
1338;99.72
1339;99.56
1340;99.64
1341;99.8
1342;98.84
1343;99.56
1344;99.6
1345;99.8
1346;99.88
1347;99.52
1348;98.36
1349;99.8
1350;99.88
1351;99.2
1352;99.8
1353;99.8
1354;99.2
1355;99.12
1356;99.48
1357;99.88
1358;99.76
1359;99.56
1360;99.28
1361;99.84
1362;99.88
1363;98.24
1364;98.12
1365;99.64
1366;99.88
1367;99.84
1368;99.2
1369;99.84
1370;99.28
1371;99.88
1372;99.72
1373;99.88
1374;99.88
1375;99.28
1376;98.6
1377;99.72
1378;99.68
1379;99.08
1380;99.8
1381;99.48
1382;99.8
1383;99.84
1384;99.52
1385;99.48
1386;98.08
1387;97.48
1388;99.4
1389;98.96
1390;99.68
1391;99.88
1392;98.88
1393;99.88
1394;99.56
1395;98.72
1396;99.16
1397;99.6
1398;99.04
1399;99.52
1400;-100.96
1401;99.44
1402;99.32
1403;99.72
1404;98.68
1405;98.8
1406;99.2
1407;99.8
1408;97.24
1409;99.64
1410;99.68
1411;98.88
1412;99.48
1413;99.28
1414;98.92
1415;99.6
1416;99.72
1417;99.4
1418;99.12
1419;99.88
1420;99.6
1421;99.44
1422;99.08
1423;99.6
1424;99.48
1425;96.8
1426;99.72
1427;99.88
1428;99.6
1429;99.8
1430;96.76
1431;98.64
1432;97.96
1433;99.76
1434;99.04
1435;99.64
1436;99.68
1437;99.84
1438;99.6
1439;99.56
1440;99.08
1441;98.04
1442;99.76
1443;98.4
1444;99.52
1445;99.52
1446;99.44
1447;99.4
1448;99.32
1449;99.8
1450;99.76
1451;99.68
1452;99.88
1453;99.56
1454;98
1455;99.28
1456;99.84
1457;99.72
1458;99.2
1459;99.76
1460;99.2
1461;99.68
1462;99.24
1463;99.68
1464;99.4
1465;99.08
1466;99.8
1467;99.8
1468;99.64
1469;99.32
1470;99.8
1471;99.88
1472;99.88
1473;99.8
1474;98.6
1475;99.56
1476;99.4
1477;99.84
1478;99.76
1479;99.72
1480;99.28
1481;98.44
1482;99.64
1483;98.28
1484;99.72
1485;99.28
1486;98.32
1487;99.48
1488;99.72
1489;99.76
1490;99.64
1491;98.44
1492;99.88
1493;99.76
1494;99.36
1495;99.8
1496;99.64
1497;98.24
1498;99
1499;98.28
1500;99.44
1501;99.48
1502;99.56
1503;99.24
1504;99.04
1505;97.64
1506;99.88
1507;99.56
1508;99.16
1509;98.92
1510;99.32
1511;98.6
1512;99.72
1513;99.84
1514;99.32
1515;98.8
1516;97.76
1517;97.88
1518;99.36
1519;99.84
1520;99.6
1521;98.32
1522;99.68
1523;98.64
1524;98.16
1525;98.8
1526;99.72
1527;99.64
1528;98.92
1529;97.8
1530;99.52
1531;98.88
1532;99.4
1533;99.48
1534;99.24
1535;99.8
1536;99.08
1537;99.6
1538;99.76
1539;98.16
1540;98.56
1541;99.4
1542;99.84
1543;99.72
1544;99.84
1545;99.8
1546;99.56
1547;99.88
1548;99.76
1549;99.8
1550;99.8
1551;99.64
1552;99.88
1553;99.12
1554;99.84
1555;99.2
1556;99.64
1557;99.68
1558;98.88
1559;99.84
1560;99.44
1561;98.72
1562;99.56
1563;99.56
1564;97.92
1565;99.2
1566;99.48
1567;99.6
1568;99.88
1569;98.2
1570;99.6
1571;99.36
1572;98
1573;99.64
1574;95.56
1575;99.44
1576;96.48
1577;98.8
1578;99.52
1579;98.52
1580;99.76
1581;99.68
1582;99.88
1583;98.8
1584;99.88
1585;99.2
1586;98.84
1587;99.8
1588;99.76
1589;99.24
1590;99.8
1591;99.36
1592;99.32
1593;99.08
1594;99.56
1595;99.32
1596;99.64
1597;99.36
1598;99.08
1599;99.8
1600;98.72
1601;99.64
1602;99.32
1603;99.64
1604;98.76
1605;99.84
1606;99.24
1607;99.76
1608;98.92
1609;99.52
1610;99.84
1611;99.08
1612;99.72
1613;98.6
1614;99.6
1615;99.4
1616;99.84
1617;99.24
1618;99.84
1619;98.28
1620;99.36
1621;99.6
1622;97.48
1623;99.56
1624;99.6
1625;99.4
1626;99.8
1627;99.76
1628;99.52
1629;-100.72
1630;99.64
1631;98.96
1632;98.52
1633;99.68
1634;99.68
1635;99.4
1636;98.96
1637;99.48
1638;99.44
1639;99.48
1640;99.88
1641;99.28
1642;98.64
1643;99.24
1644;98.24
1645;98.64
1646;99.8
1647;99.48
1648;99.72
1649;99.88
1650;99.84
1651;98.96
1652;99.72
1653;98.28
1654;99.84
1655;99.8
1656;99.68
1657;98.6
1658;98.6
1659;99.72
1660;99.48
1661;99.32
1662;98.88
1663;99.64
1664;99.8
1665;99.32
1666;99.44
1667;99.64
1668;99.36
1669;98.56
1670;98.96
1671;99.52
1672;99.72
1673;99.36
1674;98.92
1675;99.44
1676;99.2
1677;99.64
1678;99.44
1679;99.28
1680;99.56
1681;99.76
1682;99.36
1683;99.8
1684;99.8
1685;99.68
1686;99.6
1687;99.8
1688;99.84
1689;99.48
1690;99.6
1691;99.4
1692;99.68
1693;99.24
1694;99.52
1695;98.48
1696;97.96
1697;99.48
1698;99.72
1699;99.72
1700;99.56
1701;99.4
1702;99.6
1703;99.64
1704;99.56
1705;99.88
1706;99.88
1707;98.88
1708;98.28
1709;99.04
1710;99.88
1711;99.36
1712;99.68
1713;99.76
1714;99.72
1715;99.84
1716;99.76
1717;99.52
1718;98.88
1719;99.6
1720;99.64
1721;99.36
1722;98.88
1723;99.36
1724;97.96
1725;98.92
1726;99.56
1727;99.84
1728;99.16
1729;98.68
1730;99.8
1731;99
1732;99.04
1733;99.52
1734;99.28
1735;99.88
1736;99.8
1737;99.56
1738;99.52
1739;99.88
1740;99.48
1741;98.96
1742;99.88
1743;99.08
1744;99.84
1745;99.68
1746;99.88
1747;99.56
1748;99.36
1749;99.32
1750;99.84
1751;95.72
1752;99.24
1753;98.84
1754;98.6
1755;98.6
1756;99.68
1757;99.8
1758;99.84
1759;99.08
1760;99.76
1761;99.64
1762;98.36
1763;99.72
1764;99.04
1765;99.72
1766;99.4
1767;99.64
1768;99.64
1769;99.8
1770;99.72
1771;98.04
1772;98.32
1773;98.6
1774;98.84
1775;99.64
1776;99.76
1777;99.64
1778;98.88
1779;99.8
1780;98.72
1781;99.24
1782;99.88
1783;98.92
1784;99.84
1785;99.8
1786;98.04
1787;99.56
1788;99
1789;99.44
1790;98.88
1791;96.68
1792;99.36
1793;99.16
1794;98.76
1795;99.36
1796;99.68
1797;99.72
1798;98.36
1799;99.04
1800;99.88
1801;99.72
1802;99.88
1803;99.32
1804;99.6
1805;98.64
1806;99.64
1807;99.2
1808;99.08
1809;99.2
1810;99.32
1811;99.72
1812;99.4
1813;98.8
1814;99.28
1815;99.52
1816;99.6
1817;99.84
1818;99.88
1819;99.6
1820;99.88
1821;99.36
1822;99.56
1823;99.6
1824;99.8
1825;98.32
1826;98.4
1827;98.6
1828;99.64
1829;99.72
1830;99.72
1831;98.96
1832;97.36
1833;99.88
1834;99.8
1835;99
1836;99.68
1837;98.88
1838;99.76
1839;99.28
1840;99.28
1841;99.36
1842;99.8
1843;98.8
1844;99.12
1845;98.32
1846;96.88
1847;99.32
1848;98.12
1849;99.68
1850;99.68
1851;97.76
1852;98.8
1853;99.88
1854;99.84
1855;99.64
1856;99.08
1857;99.56
1858;98.64
1859;99.16
1860;99.88
1861;99.8
1862;98.84
1863;99.64
1864;98.84
1865;98.4
1866;99.68
1867;99.68
1868;99.4
1869;98.96
1870;99.28
1871;99.56
1872;98.28
1873;99.56
1874;99.68
1875;99.48
1876;99.56
1877;99.56
1878;99.88
1879;99.6
1880;99.64
1881;99.28
1882;99
1883;99.72
1884;98.6
1885;99.4
1886;99.24
1887;99.2
1888;99.88
1889;99.8
1890;99.68
1891;99.16
1892;99.8
1893;99.88
1894;99.76
1895;98.64
1896;99.44
1897;99.64
1898;99.32
1899;99.68
1900;98.76
1901;99.8
1902;99.44
1903;99.88
1904;98.56
1905;97.36
1906;99.84
1907;99.52
1908;99.36
1909;99.24
1910;99.6
1911;98.2
1912;99.68
1913;99.4
1914;99.04
1915;99.88
1916;98.4
1917;99.16
1918;99.88
1919;99.84
1920;98.96
1921;99.48
1922;97.76
1923;99.28
1924;99.8
1925;99.44
1926;98.96
1927;99.88
1928;98.56
1929;99.28
1930;99.36
1931;99.44
1932;98.92
1933;99.48
1934;99.56
1935;99.16
1936;98.6
1937;98.88
1938;99.84
1939;99.72
1940;99.8
1941;99.68
1942;98.64
1943;98.92
1944;99.6
1945;98.2
1946;99.24
1947;99.04
1948;99.68
1949;98.8
1950;98.88
1951;99.88
1952;99.72
1953;99.84
1954;99.6
1955;99.52
1956;98.48
1957;99.04
1958;99.76
1959;99.4
1960;99.8
1961;98.28
1962;99.36
1963;99.2
1964;99.72
1965;99.76
1966;99.4
1967;99.32
1968;99.52
1969;97.8
1970;99.8
1971;98.8
1972;99.32
1973;99.24
1974;99.6
1975;99.8
1976;98.8
1977;99.48
1978;99.76
1979;99.24
1980;99.6
1981;99.52
1982;99.48
1983;99.8
1984;98.56
1985;99.8
1986;99.64
1987;99.84
1988;99.28
1989;99.04
1990;97.68
1991;99.6
1992;99.68
1993;98.84
1994;99.28
1995;99.68
1996;99.04
1997;99.76
1998;99.44
1999;99
2000;99.68
2001;99.88
2002;99.56
2003;99.24
2004;99.48
2005;99.4
2006;99.44
2007;99.8
2008;98.04
2009;99.84
2010;99.8
2011;98.48
2012;99.44
2013;98.76
2014;99.84
2015;98.64
2016;99.12
2017;98.24
2018;99.56
2019;99.76
2020;98.52
2021;98
2022;98.92
2023;99.8
2024;99.28
2025;98.12
2026;99.64
2027;99.72
2028;99.52
2029;99.48
2030;99.4
2031;99.6
2032;99.24
2033;99.2
2034;99.4
2035;98.76
2036;99.84
2037;99.6
2038;99.76
2039;98.72
2040;99.8
2041;98.68
2042;99.72
2043;99.04
2044;99.4
2045;99.72
2046;99.4
2047;99.76
2048;99.4
2049;99.36
2050;98.96
2051;99.56
2052;99.84
2053;99.56
2054;99.76
2055;98.64
2056;98.12
2057;99
2058;99.56
2059;99.48
2060;98.72
2061;99.64
2062;99.68
2063;99.4
2064;97.4
2065;99.76
2066;99.44
2067;99.56
2068;99.44
2069;99.36
2070;99.64
2071;99.4
2072;99.04
2073;99.52
2074;99.32
2075;99.76
2076;99.76
2077;99
2078;99
2079;99.68
2080;99.52
2081;98.8
2082;99.84
2083;99.64
2084;99.6
2085;98.04
2086;97
2087;99.72
2088;99.76
2089;99
2090;99.68
2091;-100.6
2092;99.88
2093;99.88
2094;99.76
2095;99.88
2096;98.96
2097;99.44
2098;99.32
2099;99.2
2100;98.48
2101;98.44
2102;99.84
2103;99.84
2104;99.72
2105;98.16
2106;99.16
2107;99.76
2108;99.88
2109;98.32
2110;99.16
2111;99.64
2112;99.76
2113;96.04
2114;99.68
2115;99.08
2116;99.56
2117;99.6
2118;99.44
2119;99.64
2120;99.24
2121;99.76
2122;99.76
2123;99.6
2124;99.2
2125;99.2
2126;99.24
2127;99.4
2128;98.84
2129;99
2130;99.56
2131;99.04
2132;97.6
2133;99.64
2134;99.76
2135;99.8
2136;99.64
2137;99.68
2138;98.48
2139;-100.8
2140;99.48
2141;99.36
2142;99.84
2143;99.68
2144;99.84
2145;99.72
2146;99.76
2147;98.6
2148;98.28
2149;99.6
2150;98.92
2151;99.4
2152;98.08
2153;99.76
2154;99.8
2155;99.6
2156;99.4
2157;98.44
2158;99.32
2159;99.6
2160;98.96
2161;98.44
2162;99.28
2163;95.44
2164;98.48
2165;99.56
2166;98.68
2167;99.12
2168;99.8
2169;99.56
2170;99.76
2171;99.84
2172;98.92
2173;98.36
2174;99.84
2175;99.56
2176;99.76
2177;99.76
2178;99.6
2179;99.88
2180;99.68
2181;98.64
2182;99.48
2183;99.72
2184;98.56
2185;99.76
2186;99.64
2187;98.36
2188;99.88
2189;98.88
2190;99.56
2191;96.64
2192;98.28
2193;99.4
2194;99.68
2195;99.56
2196;98.6
2197;99.6
2198;99.52
2199;99.12
2200;99.16
2201;98.88
2202;98.76
2203;99.72
2204;99.52
2205;99.8
2206;96.96
2207;99.4
2208;98.08
2209;97.44
2210;99.84
2211;99.4
2212;99.36
2213;99.52
2214;99.36
2215;99.68
2216;98.76
2217;99.72
2218;99.32
2219;99.64
2220;99.2
2221;99.52
2222;99.44
2223;99.72
2224;99.88
2225;99.68
2226;99.28
2227;99.6
2228;98.44
2229;99.68
2230;99.68
2231;99.68
2232;99.76
2233;99.72
2234;99.6
2235;99.64
2236;98.36
2237;99.76
2238;99.8
2239;99.12
2240;99.64
2241;97.4
2242;99.76
2243;98.64
2244;98.96
2245;99.48
2246;99.48
2247;98.88
2248;99.76
2249;99.56
2250;99.64
2251;99.8
2252;99.52
2253;99.72
2254;98.76
2255;99.84
2256;99.6
2257;98.68
2258;97.88
2259;99.6
2260;99.32
2261;99.36
2262;99.8
2263;99.6
2264;99.6
2265;98.88
2266;97.88
2267;99.72
2268;-101.12
2269;99.64
2270;99.2
2271;99.56
2272;99.12
2273;99.56
2274;98.24
2275;98.28
2276;99.84
2277;98.76
2278;99.56
2279;99.68
2280;99.28
2281;99.12
2282;99.64
2283;99.4
2284;98.52
2285;99.64
2286;99.48
2287;99.44
2288;99.32
2289;99.24
2290;99.72
2291;99.8
2292;99.12
2293;99.88
2294;99.8
2295;96.8
2296;99.76
2297;99.84
2298;99.08
2299;98.16
2300;98.04
2301;99.88
2302;99.64
2303;99.52
2304;99.6
2305;98.36
2306;99.6
2307;99.68
2308;99.88
2309;97.32
2310;98.72
2311;98.92
2312;99.36
2313;99.8
2314;99.8
2315;99.64
2316;99.68
2317;99.32
2318;99.72
2319;99.52
2320;99.84
2321;99.48
2322;99.8
2323;98.2
2324;99.68
2325;99.28
2326;99.52
2327;99.08
2328;99.24
2329;97.92
2330;99.64
2331;99.12
2332;97.52
2333;99.76
2334;99.36
2335;99.52
2336;99.68
2337;99.28
2338;99.56
2339;99.08
2340;99
2341;99.04
2342;98.92
2343;97.84
2344;99.44
2345;99.76
2346;99.76
2347;97.56
2348;98.96
2349;99.8
2350;99.88
2351;99.32
2352;99.76
2353;99.84
2354;98.68
2355;98.32
2356;99
2357;99.48
2358;99.12
2359;97.92
2360;98.56
2361;99.52
2362;98.32
2363;99.68
2364;99.64
2365;99.76
2366;99.44
2367;99.2
2368;96.76
2369;98.68
2370;99.36
2371;99.6
2372;99.48
2373;99.04
2374;99.36
2375;99.36
2376;99.8
2377;99.84
2378;99.84
2379;99.68
2380;99.76
2381;99.48
2382;99.72
2383;99.68
2384;99.52
2385;99.4
2386;99.4
2387;98.72
2388;98.44
2389;98.88
2390;98.92
2391;99.44
2392;99.76
2393;99.68
2394;99.76
2395;99.4
2396;99.6
2397;99.64
2398;99.28
2399;98.92
2400;98.96
2401;99.52
2402;99.32
2403;98.92
2404;99.24
2405;99.76
2406;99.32
2407;99.6
2408;99.4
2409;99.48
2410;99.4
2411;99.8
2412;97.6
2413;99.76
2414;98.72
2415;98.6
2416;98.68
2417;98.68
2418;99.28
2419;99.28
2420;99.56
2421;99.76
2422;99.16
2423;-100.32
2424;99.6
2425;97.92
2426;99.48
2427;98.84
2428;99.84
2429;99.16
2430;97
2431;99.2
2432;99
2433;99.56
2434;99.56
2435;99.24
2436;99.72
2437;98.92
2438;98.56
2439;98.52
2440;99.72
2441;99.8
2442;99.52
2443;99.48
2444;99.88
2445;99.56
2446;98.84
2447;99.28
2448;98.8
2449;99.12
2450;99.12
2451;99.24
2452;99.68
2453;98.96
2454;99.44
2455;99.36
2456;99.76
2457;97.4
2458;98.88
2459;99.8
2460;98.48
2461;99.44
2462;98.4
2463;99.32
2464;97.2
2465;98.68
2466;99.8
2467;99.04
2468;99.48
2469;99.64
2470;99.68
2471;99.12
2472;99.68
2473;98.64
2474;96.88
2475;99.36
2476;99.4
2477;99.88
2478;99.72
2479;99.32
2480;98.64
2481;99.8
2482;99.72
2483;99.64
2484;98.96
2485;98.92
2486;98.96
2487;99.68
2488;99.56
2489;99.84
2490;99.72
2491;99.88
2492;99.8
2493;99.76
2494;98.56
2495;99.4
2496;98.76
2497;99.84
2498;99.76
2499;98.84
2500;99.28
2501;99.52
2502;99.32
2503;99.48
2504;99.84
2505;99.48
2506;98.12
2507;98.28
2508;98.92
2509;99.24
2510;99.6
2511;98.92
2512;99.52
2513;99.8
2514;98.88
2515;99.88
2516;99.56
2517;99.68
2518;99.16
2519;98.68
2520;99.84
2521;99.84
2522;99.64
2523;98.64
2524;97.84
2525;99.76
2526;99.28
2527;97.44
2528;99.8
2529;99.16
2530;99.08
2531;99.48
2532;98.68
2533;99.8
2534;98.56
2535;99.72
2536;99.56
2537;98.4
2538;99.84
2539;99.68
2540;96.6
2541;99.4
2542;99.72
2543;99.36
2544;99.8
2545;99.68
2546;99.72
2547;99.8
2548;99.56
2549;99.76
2550;99.88
2551;99.76
2552;99.84
2553;99.4
2554;98.88
2555;99.16
2556;99.8
2557;99.76
2558;99.52
2559;98.72
2560;99.16
2561;99.76
2562;99.72
2563;99.64
2564;99.2
2565;98.52
2566;99.44
2567;99.2
2568;99.2
2569;99.68
2570;99.72
2571;99.88
2572;98.8
2573;99.32
2574;98.56
2575;97.96
2576;99.24
2577;99.36
2578;98.64
2579;99.04
2580;99.64
2581;99.76
2582;99.8
2583;99.76
2584;98.76
2585;99.4
2586;99.6
2587;99.4
2588;99.76
2589;99.32
2590;95.92
2591;99.84
2592;99.16
2593;99.4
2594;99.64
2595;98.84
2596;99.64
2597;99.72
2598;99.88
2599;99.44
2600;99.72
2601;99.64
2602;99.28
2603;99.32
2604;99.52
2605;99.24
2606;99.8
2607;98.76
2608;99.56
2609;99.88
2610;-101.72
2611;99.44
2612;99.32
2613;99.88
2614;99.56
2615;98.36
2616;97.6
2617;99.76
2618;98.72
2619;99.32
2620;99.32
2621;98.32
2622;99.8
2623;98.44
2624;99.64
2625;99.48
2626;99.72
2627;99.84
2628;98
2629;99.76
2630;99.08
2631;99.8
2632;99.84
2633;99.8
2634;99.32
2635;95.48
2636;99.32
2637;99.48
2638;99.48
2639;99.08
2640;98.6
2641;99.44
2642;99.84
2643;99.64
2644;99.36
2645;99.84
2646;99.4
2647;99.48
2648;99.72
2649;98.92
2650;99
2651;98.92
2652;99.04
2653;99.52
2654;99.64
2655;98.52
2656;98.8
2657;99.56
2658;99.24
2659;99.68
2660;99.24
2661;99.84
2662;99.88
2663;97.6
2664;99.56
2665;98.68
2666;99.44
2667;98.88
2668;99.72
2669;99.44
2670;99.88
2671;99.68
2672;99.88
2673;99.56
2674;99.28
2675;99.84
2676;98.44
2677;99.8
2678;99.88
2679;98.72
2680;99.04
2681;98.08
2682;99.24
2683;99.56
2684;99.56
2685;99.44
2686;99.32
2687;99.04
2688;99.76
2689;98.04
2690;99.6
2691;94.24
2692;99.12
2693;99.08
2694;99.12
2695;99.76
2696;99.8
2697;99.8
2698;99.36
2699;99.12
2700;98.36
2701;99.64
2702;99.4
2703;-100.76
2704;99.76
2705;98.36
2706;98.72
2707;98.32
2708;99.44
2709;98.12
2710;98.36
2711;99
2712;99.76
2713;99.8
2714;99.8
2715;99.68
2716;98.84
2717;99.56
2718;99.64
2719;99.84
2720;99.32
2721;99.76
2722;98.76
2723;99.36
2724;98.96
2725;99.28
2726;99.56
2727;99.44
2728;99.64
2729;97.2
2730;99.84
2731;99.72
2732;99.4
2733;99.68
2734;97.88
2735;-100.44
2736;98.6
2737;99.68
2738;98.28
2739;99.88
2740;99.72
2741;99.04
2742;98.88
2743;99.64
2744;98.24
2745;99.76
2746;99.48
2747;99.48
2748;99.04
2749;99.56
2750;99.56
2751;99.24
2752;99.36
2753;99.52
2754;99.8
2755;99.48
2756;99.72
2757;98.44
2758;99.44
2759;99.56
2760;99.72
2761;98.96
2762;99
2763;99.76
2764;99.44
2765;99.44
2766;99.36
2767;99.8
2768;99.76
2769;99.64
2770;99.56
2771;99.32
2772;99.88
2773;99.04
2774;99.24
2775;99.72
2776;99.04
2777;99.76
2778;99.64
2779;99.88
2780;98.56
2781;98.56
2782;99.68
2783;99.2
2784;99.72
2785;99.76
2786;99.8
2787;99.52
2788;99.88
2789;99.08
2790;98.08
2791;99.6
2792;99.24
2793;99.16
2794;99.6
2795;99.84
2796;99.6
2797;99.08
2798;99.76
2799;98.8
2800;99.56
2801;99.8
2802;98.6
2803;99.4
2804;99.68
2805;99.4
2806;99.16
2807;99.32
2808;99.88
2809;99.36
2810;99.76
2811;98.24
2812;99.72
2813;99.32
2814;98.88
2815;99.4
2816;99.76
2817;98.08
2818;98.6
2819;96.8
2820;99.6
2821;99.84
2822;99.84
2823;99.48
2824;99.24
2825;99.56
2826;99.56
2827;99.84
2828;99.56
2829;99.36
2830;-100.88
2831;99.08
2832;98.96
2833;99.72
2834;97.64
2835;98.88
2836;98.44
2837;99.84
2838;98.92
2839;99.12
2840;98.24
2841;99.04
2842;99.48
2843;99.36
2844;98.72
2845;99.68
2846;98.44
2847;99.84
2848;98.64
2849;99.56
2850;99.8
2851;99.72
2852;99.36
2853;99.24
2854;99.4
2855;99.2
2856;99.8
2857;99.48
2858;99.48
2859;99.2
2860;99.52
2861;98.52
2862;99.24
2863;99.6
2864;99.6
2865;99.76
2866;98
2867;99.8
2868;99.84
2869;99.88
2870;99.32
2871;97.76
2872;98.96
2873;99.32
2874;99.08
2875;98.84
2876;99.12
2877;99.04
2878;98.52
2879;99.04
2880;98.72
2881;99.4
2882;99.44
2883;99.88
2884;99.56
2885;98.68
2886;99.32
2887;99.76
2888;98.76
2889;99.68
2890;99.56
2891;99.76
2892;99.44
2893;99.24
2894;99.28
2895;99.56
2896;98.56
2897;99.52
2898;99.48
2899;98.96
2900;99.84
2901;99.8
2902;99.48
2903;99.68
2904;99.32
2905;98.6
2906;99.8
2907;99.6
2908;99.44
2909;99.8
2910;99.6
2911;98.8
2912;99.64
2913;99.72
2914;99.72
2915;99.04
2916;98.92
2917;99.76
2918;99.72
2919;98.2
2920;99.88
2921;99.4
2922;98.12
2923;98.68
2924;98.28
2925;98.92
2926;99.12
2927;99.24
2928;99.24
2929;97.64
2930;99.52
2931;99.72
2932;99.12
2933;99.76
2934;99.2
2935;99.84
2936;99.24
2937;99.8
2938;99.84
2939;99.12
2940;96.64
2941;98.48
2942;99.76
2943;99.08
2944;98.8
2945;99.88
2946;99
2947;99.52
2948;99.72
2949;99.8
2950;99.12
2951;99.56
2952;99.32
2953;98.84
2954;99.76
2955;99.72
2956;98.88
2957;99.48
2958;98.84
2959;98.76
2960;99
2961;98.88
2962;98.48
2963;99.68
2964;99.32
2965;99.16
2966;99.2
2967;99.84
2968;99.04
2969;99.56
2970;99.8
2971;98.88
2972;99
2973;99.16
2974;99.2
2975;99.84
2976;99.08
2977;99.2
2978;99.08
2979;99
2980;99.72
2981;99.56
2982;99.4
2983;99.28
2984;99.84
2985;99.84
2986;99.76
2987;99.76
2988;98.4
2989;99.08
2990;99.6
2991;99.36
2992;98.24
2993;99.16
2994;99.72
2995;99.56
2996;99.2
2997;98.92
2998;96.8
2999;99.88
